pair	obs_reads	obs_frac	bg_sites	bg_frac	enrichment
AA	467	0.0580918	1209011	0.095222	0.610067
AC	196	0.0243811	762519	0.0600562	0.405972
AG	146	0.0181615	736881	0.0580369	0.312929
AT	295	0.0366961	1160887	0.0914318	0.40135
CA	694	0.0863291	749977	0.0590684	1.46151
CC	394	0.0490111	497331	0.0391699	1.25124
CG	294	0.0365717	491952	0.0387463	0.943877
CT	572	0.0711531	743062	0.0585237	1.2158
GA	225	0.0279886	729403	0.057448	0.487198
GC	146	0.0181615	490670	0.0386453	0.469953
GG	146	0.0181615	490174	0.0386062	0.470428
GT	223	0.0277398	759498	0.0598183	0.463734
TA	3190	0.396816	1180891	0.0930073	4.2665
TC	193	0.024008	731772	0.0576345	0.416555
TG	413	0.0513745	750765	0.0591304	0.868834
TT	445	0.0553551	1211967	0.0954548	0.579909
